
With RFF at 1000
samples_by_power_of_2 = [1, 2, 3, 4, 5, 6, 7, 8, 9, 10, 11, 12]
run_time_in_s = [0.003245830535888672, 0.0026149749755859375, 0.0032050609588623047, 0.00486302375793457, 0.009962081909179688, 0.030369997024536133, 0.08947491645812988, 0.18284010887145996, 0.658627986907959, 2.569546937942505, 6.4626641273498535, 35.57995820045471]
run_time_in_log = [-8.2672 -8.579  -8.2854 -7.6839 -6.6493 -5.0412 -3.4824 -2.4513 -0.6025  1.3615  2.6921  5.153 ]

With RFF at 500
[1, 2, 3, 4, 5, 6, 7, 8, 9, 10, 11, 12]
[0.003509998321533203, 0.002946138381958008, 0.0037338733673095703, 0.00504302978515625, 0.009975910186767578, 0.03064703941345215, 0.10257887840270996, 0.19584298133850098, 0.6646020412445068, 2.537752866744995, 6.314609050750732, 25.549314975738525]
[-8.1543 -8.407  -8.0651 -7.6315 -6.6473 -5.0281 -3.2852 -2.3522 -0.5894  1.3436  2.6587  4.6752]


NO RFF at all
[1, 2, 3, 4, 5, 6, 7, 8, 9, 10, 11, 12]
[0.0034308433532714844, 0.003651142120361328, 0.004968881607055664, 0.006314992904663086, 0.009927988052368164, 0.030325889587402344, 0.09119391441345215, 0.26855897903442383, 0.7633159160614014, 6.692914009094238, 10.112877130508423, 41.84831118583679]
[-8.1872 -8.0974 -7.6529 -7.307  -6.6543 -5.0433 -3.4549 -1.8967 -0.3896  2.7426  3.3381  5.3871]



Dimension V time without Power method
2	0.415798187256
4	4.6491
8	1.52028489113
_256_16 :  6.56802296638
_256_32 :  8.13049006462
_256_64 :  27.9129068851
_256_128 :  52.2390100956
_256_256 :  86.6300590038
_256_512 :  190.586565971
_256_1024 :  336.628595



